Residue RMSF(A)
1.000000000000000000e+00 8.723925472051708985e-01
2.000000000000000000e+00 8.972054786882682764e-01
3.000000000000000000e+00 8.673934063822534846e-01
4.000000000000000000e+00 8.765450300855127663e-01
5.000000000000000000e+00 9.771603574212294196e-01
6.000000000000000000e+00 9.250448454346950067e-01
7.000000000000000000e+00 1.000191481537836768e+00
8.000000000000000000e+00 1.129996407862947860e+00
9.000000000000000000e+00 1.078202169635682717e+00
1.000000000000000000e+01 1.156320835769382604e+00
1.100000000000000000e+01 1.142381087648432603e+00
1.200000000000000000e+01 9.627299930538861794e-01
1.300000000000000000e+01 1.146319439936484663e+00
1.400000000000000000e+01 1.182960976729678482e+00
1.500000000000000000e+01 1.113580726743234717e+00
1.600000000000000000e+01 1.007455339526605487e+00
1.700000000000000000e+01 1.037195142862704422e+00
1.800000000000000000e+01 1.078505028625915019e+00
1.900000000000000000e+01 9.634833656075887376e-01
2.000000000000000000e+01 1.023539149989613151e+00
2.100000000000000000e+01 9.116751789569319531e-01
2.200000000000000000e+01 8.839516895730484825e-01
2.300000000000000000e+01 8.918554416100575866e-01
2.400000000000000000e+01 8.463160171077019900e-01
2.500000000000000000e+01 7.430289463227672808e-01
2.600000000000000000e+01 6.627544684171402523e-01
2.700000000000000000e+01 6.899643167157222257e-01
2.800000000000000000e+01 6.881560862849791516e-01
2.900000000000000000e+01 6.180499448865055534e-01
3.000000000000000000e+01 5.501229576634830698e-01
3.100000000000000000e+01 6.464004631384415722e-01
3.200000000000000000e+01 5.284612207015810803e-01
3.300000000000000000e+01 5.373114605494538898e-01
3.400000000000000000e+01 6.341340595460862595e-01
3.500000000000000000e+01 4.606285695412882797e-01
3.600000000000000000e+01 5.064470387186681410e-01
3.700000000000000000e+01 4.226335402111830453e-01
3.800000000000000000e+01 4.945726460993393192e-01
3.900000000000000000e+01 5.341034496316156011e-01
4.000000000000000000e+01 4.765763836080070814e-01
4.100000000000000000e+01 5.844269501952313872e-01
4.200000000000000000e+01 4.580886061435906487e-01
4.300000000000000000e+01 5.059055190789377709e-01
4.400000000000000000e+01 5.821512256539544961e-01
4.500000000000000000e+01 6.478847826011298050e-01
4.600000000000000000e+01 6.677075383196273695e-01
4.700000000000000000e+01 6.911614468052261762e-01
4.800000000000000000e+01 7.675124290955094297e-01
4.900000000000000000e+01 8.082292579955850931e-01
5.000000000000000000e+01 7.807395241205130620e-01
5.100000000000000000e+01 8.602337290042511020e-01
5.200000000000000000e+01 9.208755398078648513e-01
5.300000000000000000e+01 8.803482494672906222e-01
5.400000000000000000e+01 9.946767892961865254e-01
5.500000000000000000e+01 1.020132640784013667e+00
5.600000000000000000e+01 9.870677914899063099e-01
5.700000000000000000e+01 9.624021968639131508e-01
5.800000000000000000e+01 9.580051317695259527e-01
5.900000000000000000e+01 1.079937428693824364e+00
6.000000000000000000e+01 1.097736612097297781e+00
6.100000000000000000e+01 1.088795517482140429e+00
6.200000000000000000e+01 1.077377887093380560e+00
6.300000000000000000e+01 1.135838096784590689e+00
6.400000000000000000e+01 1.076811190473227819e+00
6.500000000000000000e+01 1.059722405443557891e+00
6.600000000000000000e+01 1.129255770188760444e+00
6.700000000000000000e+01 1.053811591175636719e+00
6.800000000000000000e+01 9.879192259286769806e-01
6.900000000000000000e+01 1.062365805772650384e+00
7.000000000000000000e+01 9.685901536263856748e-01
7.100000000000000000e+01 9.470247487792623486e-01
7.200000000000000000e+01 9.086252521613952249e-01
7.300000000000000000e+01 8.602969501846631228e-01
7.400000000000000000e+01 8.347863074937910133e-01
7.500000000000000000e+01 8.854537352606435263e-01
7.600000000000000000e+01 7.939819325906238845e-01
7.700000000000000000e+01 8.229709285236457283e-01
7.800000000000000000e+01 6.590822704640455498e-01
7.900000000000000000e+01 6.229107484893755542e-01
8.000000000000000000e+01 6.448351432454225707e-01
8.100000000000000000e+01 5.854469834313040799e-01
8.200000000000000000e+01 5.631465007321261318e-01
8.300000000000000000e+01 5.690136778934400397e-01
8.400000000000000000e+01 5.360532004353966151e-01
8.500000000000000000e+01 5.290911111110081499e-01
8.600000000000000000e+01 4.648414849929470849e-01
8.700000000000000000e+01 4.620626391593661841e-01
8.800000000000000000e+01 5.202967392214133957e-01
8.900000000000000000e+01 4.976488882075180697e-01
9.000000000000000000e+01 5.253465308226763497e-01
9.100000000000000000e+01 4.953611629422343121e-01
9.200000000000000000e+01 6.206668101000540894e-01
9.300000000000000000e+01 5.313826304048361315e-01
9.400000000000000000e+01 5.456432441788034993e-01
9.500000000000000000e+01 6.096249248660652320e-01
9.600000000000000000e+01 7.620615937577516208e-01
9.700000000000000000e+01 6.613359092482996582e-01
9.800000000000000000e+01 7.488534221239477873e-01
9.900000000000000000e+01 7.619505334194300872e-01
1.000000000000000000e+02 8.380936405808591116e-01
1.010000000000000000e+02 7.555099193108637534e-01
1.020000000000000000e+02 8.649103657419774382e-01
1.030000000000000000e+02 8.053519024746698118e-01
1.040000000000000000e+02 1.022505709143011643e+00
1.050000000000000000e+02 9.602003923378322758e-01
1.060000000000000000e+02 9.696886422780859327e-01
1.070000000000000000e+02 9.993935080055910136e-01
1.080000000000000000e+02 1.024283117935639975e+00
1.090000000000000000e+02 1.063691181972363120e+00
1.100000000000000000e+02 1.019705414128857290e+00
1.110000000000000000e+02 1.063747011111547680e+00
1.120000000000000000e+02 1.096050587675941212e+00
1.130000000000000000e+02 1.131827673865026140e+00
1.140000000000000000e+02 9.867148213590185568e-01
1.150000000000000000e+02 1.036684819558639337e+00
1.160000000000000000e+02 9.938780628004131312e-01
1.170000000000000000e+02 9.895651913279503997e-01
1.180000000000000000e+02 1.035221645888351860e+00
1.190000000000000000e+02 9.346248675824053720e-01
1.200000000000000000e+02 9.687369073490817994e-01
1.210000000000000000e+02 1.010249512238666769e+00
1.220000000000000000e+02 8.415433927304081241e-01
1.230000000000000000e+02 9.033460278917609942e-01
1.240000000000000000e+02 8.528346176174459448e-01
1.250000000000000000e+02 7.638300391542591772e-01
1.260000000000000000e+02 7.620253279806421531e-01
1.270000000000000000e+02 7.446555934469130111e-01
1.280000000000000000e+02 6.549457778766596405e-01
1.290000000000000000e+02 6.880954683544449058e-01
1.300000000000000000e+02 6.032283760723148314e-01
1.310000000000000000e+02 5.638883683815847370e-01
1.320000000000000000e+02 6.307686487670176589e-01
1.330000000000000000e+02 6.055144172545793291e-01
1.340000000000000000e+02 4.784701445495127548e-01
1.350000000000000000e+02 5.130779591764225156e-01
1.360000000000000000e+02 4.641283378819954231e-01
1.370000000000000000e+02 5.470431385070929631e-01
1.380000000000000000e+02 4.048339230883917228e-01
1.390000000000000000e+02 4.506175008950414895e-01
1.400000000000000000e+02 5.043219466317990785e-01
1.410000000000000000e+02 4.969817631702769245e-01
1.420000000000000000e+02 4.994957686820735709e-01
1.430000000000000000e+02 5.402636904254953798e-01
1.440000000000000000e+02 5.819633583222328932e-01
1.450000000000000000e+02 6.170918922008505891e-01
1.460000000000000000e+02 5.886990134491528748e-01
1.470000000000000000e+02 6.068171910253666868e-01
1.480000000000000000e+02 6.665151070127470767e-01
1.490000000000000000e+02 7.610604804956603298e-01
1.500000000000000000e+02 8.297109687462770333e-01
1.510000000000000000e+02 8.330454279041867860e-01
1.520000000000000000e+02 8.536210197472083872e-01
1.530000000000000000e+02 1.011103069129617227e+00
1.540000000000000000e+02 9.813268486681901992e-01
1.550000000000000000e+02 9.615153765728967628e-01
1.560000000000000000e+02 9.369532175123503892e-01
1.570000000000000000e+02 9.718665114459192900e-01
1.580000000000000000e+02 9.869406872202990400e-01
1.590000000000000000e+02 1.103502330810808729e+00
1.600000000000000000e+02 1.053295611465080217e+00
1.610000000000000000e+02 1.058482041872554014e+00
1.620000000000000000e+02 1.121532777607631148e+00
1.630000000000000000e+02 1.107812131389760646e+00
1.640000000000000000e+02 1.108262344988429238e+00
1.650000000000000000e+02 1.073887379949125087e+00
1.660000000000000000e+02 1.020367727641207978e+00
1.670000000000000000e+02 1.139544775375044061e+00
1.680000000000000000e+02 1.145232513084797121e+00
1.690000000000000000e+02 1.124722378826575442e+00
1.700000000000000000e+02 1.008084114267977061e+00
1.710000000000000000e+02 9.947977590594136998e-01
1.720000000000000000e+02 9.296455170632830223e-01
1.730000000000000000e+02 9.242229598579869698e-01
1.740000000000000000e+02 8.468689865525451665e-01
1.750000000000000000e+02 8.039417338908657618e-01
1.760000000000000000e+02 7.642052348078680613e-01
1.770000000000000000e+02 8.545946554012233687e-01
1.780000000000000000e+02 6.653032961910864129e-01
1.790000000000000000e+02 5.722581621677560459e-01
1.800000000000000000e+02 6.971437164546502308e-01
1.810000000000000000e+02 6.265094103465522757e-01
1.820000000000000000e+02 6.615328111864524629e-01
1.830000000000000000e+02 5.636226598348716976e-01
1.840000000000000000e+02 5.479406552264581842e-01
1.850000000000000000e+02 6.094184936793015650e-01
1.860000000000000000e+02 5.324377740892929367e-01
1.870000000000000000e+02 5.002265173858770897e-01
1.880000000000000000e+02 5.870702975340770235e-01
1.890000000000000000e+02 4.856395477860733223e-01
1.900000000000000000e+02 4.676888295731868594e-01
1.910000000000000000e+02 5.495056412760536135e-01
1.920000000000000000e+02 5.779104496790626877e-01
1.930000000000000000e+02 5.141233015898526437e-01
1.940000000000000000e+02 6.055039877952957950e-01
1.950000000000000000e+02 3.362279288058808713e-01
1.960000000000000000e+02 3.070388931120046072e-01
1.970000000000000000e+02 4.095691043538514098e-01
1.980000000000000000e+02 5.143321326434290297e-01
1.990000000000000000e+02 4.096951831731260874e-01
2.000000000000000000e+02 5.083637183854355923e-01
2.010000000000000000e+02 5.274185133017124105e-01
2.020000000000000000e+02 8.673871481725952126e-01
2.030000000000000000e+02 9.227652642585416620e-01
2.040000000000000000e+02 9.178296945732464795e-01
2.050000000000000000e+02 9.212900595874107257e-01
2.060000000000000000e+02 1.013311341901925733e+00
2.070000000000000000e+02 1.124586691341774802e+00
2.080000000000000000e+02 9.860512101502569848e-01
2.090000000000000000e+02 1.202889244676379032e+00
2.100000000000000000e+02 1.088235239259165876e+00
2.110000000000000000e+02 1.069023237989771946e+00
2.120000000000000000e+02 1.100388095168906455e+00
2.130000000000000000e+02 1.084897417251573959e+00
2.140000000000000000e+02 1.094766887607895978e+00
2.150000000000000000e+02 1.030103802557179371e+00
2.160000000000000000e+02 1.063365193101332595e+00
2.170000000000000000e+02 1.019833941027811663e+00
2.180000000000000000e+02 1.136372774953815723e+00
2.190000000000000000e+02 1.029722075577636620e+00
2.200000000000000000e+02 1.001530065400254355e+00
2.210000000000000000e+02 9.618389478183668739e-01
2.220000000000000000e+02 9.272508014468823223e-01
2.230000000000000000e+02 9.147528209551699652e-01
2.240000000000000000e+02 7.688631028143544377e-01
2.250000000000000000e+02 8.352440378225728379e-01
2.260000000000000000e+02 7.756967418703653028e-01
2.270000000000000000e+02 8.006231269890304869e-01
2.280000000000000000e+02 6.956745495495463283e-01
2.290000000000000000e+02 6.186800514410595309e-01
2.300000000000000000e+02 6.633541352488776521e-01
2.310000000000000000e+02 5.777396610496282614e-01
2.320000000000000000e+02 5.401017389047204631e-01
2.330000000000000000e+02 5.672598820186470769e-01
2.340000000000000000e+02 4.567611405893632348e-01
2.350000000000000000e+02 5.335755824285478566e-01
2.360000000000000000e+02 5.263292746780813269e-01
2.370000000000000000e+02 5.613348608466036671e-01
2.380000000000000000e+02 4.697190941692804822e-01
2.390000000000000000e+02 4.632763994044584721e-01
2.400000000000000000e+02 4.918502348152762327e-01
2.410000000000000000e+02 5.805237576277082479e-01
2.420000000000000000e+02 5.551446451743526911e-01
2.430000000000000000e+02 5.734166928403489072e-01
2.440000000000000000e+02 5.910220872326988895e-01
2.450000000000000000e+02 6.462011321110974205e-01
2.460000000000000000e+02 6.640875157279307883e-01
2.470000000000000000e+02 6.020179629062492044e-01
2.480000000000000000e+02 7.618723036755030709e-01
2.490000000000000000e+02 8.039456927437049760e-01
2.500000000000000000e+02 7.250683453939953393e-01
2.510000000000000000e+02 8.301632427831887595e-01
2.520000000000000000e+02 8.823140585866272589e-01
2.530000000000000000e+02 8.075124023374242732e-01
2.540000000000000000e+02 9.573255083930330978e-01
2.550000000000000000e+02 9.695653425525460056e-01
2.560000000000000000e+02 9.593615624734347369e-01
2.570000000000000000e+02 9.897368280947670405e-01
2.580000000000000000e+02 1.098804896550443999e+00
2.590000000000000000e+02 1.085129417563040155e+00
2.600000000000000000e+02 9.923852190855471100e-01
2.610000000000000000e+02 1.166591493188097628e+00
2.620000000000000000e+02 1.098332941604915680e+00
2.630000000000000000e+02 1.123925414851531634e+00
2.640000000000000000e+02 1.166804790428304095e+00
2.650000000000000000e+02 1.116038281190448345e+00
2.660000000000000000e+02 1.020444934312101593e+00
2.670000000000000000e+02 1.176169243625445615e+00
2.680000000000000000e+02 9.564363069385420912e-01
2.690000000000000000e+02 1.051950460437956814e+00
2.700000000000000000e+02 9.490603020074347418e-01
2.710000000000000000e+02 9.527359457275096366e-01
2.720000000000000000e+02 8.956099701793546197e-01
2.730000000000000000e+02 8.574974139577385968e-01
2.740000000000000000e+02 7.894859041085935392e-01
2.750000000000000000e+02 8.469637538220508022e-01
2.760000000000000000e+02 8.130733064816171307e-01
2.770000000000000000e+02 7.548214888375611720e-01
2.780000000000000000e+02 6.061687615183474209e-01
2.790000000000000000e+02 6.494174039042552860e-01
2.800000000000000000e+02 6.193483354673635644e-01
2.810000000000000000e+02 6.581833688102798341e-01
2.820000000000000000e+02 5.155983922024370836e-01
2.830000000000000000e+02 5.714143201107765302e-01
2.840000000000000000e+02 5.562099005836291798e-01
2.850000000000000000e+02 5.677075193887373139e-01
2.860000000000000000e+02 4.273691539413694840e-01
2.870000000000000000e+02 4.623212402715433655e-01
2.880000000000000000e+02 4.320886129432232603e-01
2.890000000000000000e+02 4.788113533322310711e-01
2.900000000000000000e+02 6.278916923721247212e-01
2.910000000000000000e+02 4.691374894666721085e-01
2.920000000000000000e+02 6.647933528542531167e-01
2.930000000000000000e+02 6.066975469654429798e-01
2.940000000000000000e+02 4.841128257538623303e-01
2.950000000000000000e+02 6.368210851705270459e-01
2.960000000000000000e+02 6.624945359347979013e-01
2.970000000000000000e+02 7.041011707879807346e-01
2.980000000000000000e+02 7.061496550990700172e-01
2.990000000000000000e+02 8.237602846700482484e-01
3.000000000000000000e+02 8.002823151445366268e-01
3.010000000000000000e+02 8.958269769091272705e-01
3.020000000000000000e+02 8.707730199152406980e-01
3.030000000000000000e+02 9.189410631548546871e-01
3.040000000000000000e+02 9.061892912405836720e-01
3.050000000000000000e+02 9.293816023571567220e-01
3.060000000000000000e+02 1.020188676645669812e+00
3.070000000000000000e+02 9.523531385861286891e-01
3.080000000000000000e+02 1.091049445825675202e+00
3.090000000000000000e+02 1.038408217929135846e+00
3.100000000000000000e+02 1.134050800343675114e+00
3.110000000000000000e+02 1.105665659270572920e+00
3.120000000000000000e+02 1.096329275914097900e+00
3.130000000000000000e+02 1.150236038725705789e+00
3.140000000000000000e+02 1.077426195990271340e+00
3.150000000000000000e+02 1.035978572117291163e+00
3.160000000000000000e+02 1.065616281085268513e+00
3.170000000000000000e+02 1.094628316537510582e+00
3.180000000000000000e+02 1.074396773602674937e+00
3.190000000000000000e+02 9.217895321036938538e-01
3.200000000000000000e+02 9.156718529895315761e-01
3.210000000000000000e+02 9.479209482029771205e-01
3.220000000000000000e+02 8.033790573293924098e-01
3.230000000000000000e+02 9.465685250989873678e-01
3.240000000000000000e+02 7.896994326310209367e-01
3.250000000000000000e+02 8.187194686051750825e-01
3.260000000000000000e+02 7.427661754946371930e-01
3.270000000000000000e+02 7.355077855499109196e-01
3.280000000000000000e+02 5.745973921932369111e-01
3.290000000000000000e+02 6.601208986493757314e-01
3.300000000000000000e+02 5.918333594779572326e-01
3.310000000000000000e+02 6.040823180529514280e-01
3.320000000000000000e+02 5.727172653837234728e-01
3.330000000000000000e+02 4.946201613947164843e-01
3.340000000000000000e+02 5.430161695078264961e-01
3.350000000000000000e+02 5.766355058982941539e-01
3.360000000000000000e+02 4.956599510323871360e-01
3.370000000000000000e+02 5.444050666065450850e-01
3.380000000000000000e+02 5.356224789159192978e-01
3.390000000000000000e+02 5.079361336095968849e-01
3.400000000000000000e+02 4.801199836728523018e-01
3.410000000000000000e+02 6.190667431792316044e-01
3.420000000000000000e+02 4.774507295905341397e-01
